TIME MEM VIRT RES SHR CPU FREE SWAP
0:00.15 0,4 239656 8184 1860 93,3 1154,4 236,5
0:01.60 3,4 295096 63888 1860 87,5 1041,8 237,0
0:03.18 6,7 355288 124080 1860 100,0 931,1 237,0
0:04.67 9,7 412576 181368 1860 87,5 819,7 237,0
0:06.21 12,9 471184 239976 1860 93,3 707,0 237,0
0:07.75 16,0 530320 299112 1860 87,5 591,5 237,0
0:09.32 19,2 589852 358512 1860 100,0 478,6 237,3
0:10.71 22,1 643312 412104 1860 93,3 370,3 237,3
0:12.27 25,3 703372 472032 1860 87,5 253,7 237,5
0:13.75 28,3 759208 528000 1860 87,5 143,3 237,5
0:15.12 31,1 811876 580536 1860 86,7 71,6 235,8
0:16.65 34,2 869428 638068 1860 72,7 52,2 139,0
0:18.27 34,6 925792 644312 1860 89,5 57,2 3,41