TIME MEM VIRT RES SHR CPU FREE SWAP
0:00.12 0,4 238732 7392 1860 75,0 1154,4 236,5
0:01.58 3,3 293776 62304 1860 100,0 1046,8 237,0
0:03.09 6,4 351460 120120 1860 93,3 932,6 237,0
0:04.53 9,4 405976 174768 1860 93,3 820,9 237,0
0:06.03 12,4 462604 231264 1860 100,0 710,3 237,0
0:07.47 15,3 517120 285648 1860 100,0 595,0 237,0
0:09.01 18,5 575728 344520 1860 93,3 484,2 237,3
0:10.51 12,5 632620 401280 1860 87,5 373,0 237,3
0:12.00 24,6 689380 458040 1860 93,3 262,0 237,5
0:13.48 27,6 745084 513744 1860 93,3 152,2 237,5
0:15.07 30,8 805276 573936 1860 87,5 71,6 235,8
0:16.91 34,5 874444 643084 1860 77,3 51,9 142,6
0:18.35 34,6 924868 644336 1860 36,8 633,4 78,7
0:20.96 37,9 1016344 706276 1668 100,0 566,8 79,0
0:22.44 40.9 1072312 761980 1668 100,0 510,4 79,0
0:23.91 43,8 1126564 816364 1668 93,3 454,7 79,2
0:25.40 46,8 1182532 872332 1668 93,8 402,2 79,2
0:26.91 49,9 1240348 930148 1668 93,3 343,4 79,5
0.28.44 53,0 1298296 987964 1668 100,0 284,7 79,5
0.29.94 56,1 1355320 1,0g 1668 93,8 227,4 79,5
0:31.44 59,1 1412476 1,1g 1668 100.0 171,8 79,5
0:32.95 62,2 1470028 1,1g 1668 100.0 115,1 79,5
0:34.41 64,9 1520452 1,2g 1668 100.0 71,1 81,4
0:35.87 67,0 1572196 1,2g 1668 75,0 73,3 57,3
0:37.40 67,7 1621432 1,2g 1668 100,0 67,0 21,9
0:38.86 68,4 1667632 1,2g 1668 94,7 61,5 0,0
0:41.71 72,2 1742080 1,3g 0 34,5 1313,1 169,2