TIME MEM VIRT RES SHR CPU FREE SWAP
0:00.14 0,5 239656 8940 1860 93,3 73,4 1024,0
0:01.64 3,1 287968 57252 1860 100,0 66,2 1020,2
0:03.13 5,6 334432 103716 1860 93,8 63,7 1015,7
0:04.63 8,1 382084 151236 1860 100,0 74,1 1011,2
0:06.12 10,8 431848 201132 1860 87,5 73,8 1003,7
0:07.61 13,4 479896 249180 1860 93,8 69,5 999,2
0:09.10 16,0 529660 298812 1860 93,3 76,2 993,5
0:10.59 40,9 578896 348180 1860 100,0 76,0 989,0
0:12.15 21,3 628396 397548 1860 93,8 78,2 986,0
0:13.69 24,2 681460 450612 1860 100,0 95,9 978,2
0:15.19 26,7 728848 498132 1860 100,0 74,9 975,5
0:16.72 29,4 779404 548556 1860 100,0 67,6 964,0
0:18.37 32,5 837352 606636 1860 93,3 73,4 924,5
0:19.89 35,3 889360 658548 1764 100,0 75,1 886,0
0:21.39 38,1 941500 710508 1716 93,3 75,3 837,5
0:22.87 40,9 993640 762780 1716 100,0 63,8 751,5
0:24.38 43,8 1047628 816636 1716 100,0 75,9 727,7
0:25.85 46,5 1098052 867060 1716 93,8 68,3 693,0
0:27.35 49,4 1150060 919068 1716 100,0 73,9 635,2
0:28.95 51,4 1206160 958104 1712 100,0 74,1 580,7
0:30.53 52,0 1259752 968592 1712 100,0 65,1 531,5
0:32.01 52,4 1310176 976980 1712 93,8 69,7 487,5
0:33.61 54,1 1366012 985,8m 1684 100,0 66,7 427,0
0:35.15 55,7 1420264 1,0g 1684 93,3 81,0 361,2
0:36.64 57,1 1471348 1,0g 1684 100,0 67,6 326,7
0:38.14 58,7 1523752 1,0g 1684 93,3 72,4 270,2
0:39.63 59,7 1574836 1,1g 1684 100,0 75,2 218,2
0:41.12 61,1 1626052 1,1g 1658 93,3 70,0 175,0
0:42.89 62,6 1687300 1,1g 1648 88,2 74,5 98,7
0:44.88 64,8 1755940 1,2g 1636 94,1 77,7 42,0
0:46.56 66,5 1814284 1,2g 1248 100,0 64,1 329,7